-510.256001 0.395066 140.000000 0.000000
-509.256001 0.395094 140.000000 0.010000
-508.256268 0.395150 139.999019 0.020000
-507.256803 0.395234 139.997057 0.030000
-506.257605 0.395346 139.994115 0.040000
-505.258675 0.395486 139.990193 0.050000
-504.260011 0.395654 139.985290 0.060000
-503.261615 0.395849 139.979408 0.070000
-502.263485 0.396073 139.972547 0.080000
-501.265623 0.396325 139.964706 0.090000
-500.268027 0.396605 139.955886 0.100000
-499.270698 0.396912 139.946088 0.110000
-498.273636 0.397248 139.935312 0.120000
-497.276841 0.397611 139.923557 0.130000
-496.280312 0.398002 139.910824 0.140000
-495.284050 0.398422 139.897114 0.150000
-494.288054 0.398869 139.882427 0.160000
-493.292324 0.399344 139.866762 0.170000
-492.296861 0.399847 139.850121 0.180000
-491.301664 0.400377 139.832503 0.190000
-490.306733 0.400936 139.813909 0.200000
-489.312068 0.401522 139.794339 0.210000
-488.317669 0.402137 139.773793 0.220000
-487.323536 0.402779 139.752271 0.230000
-486.329669 0.403449 139.729774 0.240000
-485.336068 0.404146 139.706303 0.250000
-484.342733 0.404872 139.681856 0.260000
-483.349663 0.405625 139.656435 0.270000
-482.356859 0.406407 139.630040 0.280000
-481.364320 0.407215 139.602671 0.290000
-480.372047 0.408052 139.574328 0.300000
-479.380039 0.408917 139.545012 0.310000
-478.388296 0.409809 139.514723 0.320000
-477.396819 0.410729 139.483461 0.330000
-476.405607 0.411677 139.451226 0.340000
-475.414660 0.412652 139.418018 0.350000
-474.423978 0.413656 139.383839 0.360000
-473.433561 0.414687 139.348688 0.370000
-472.443408 0.415746 139.312565 0.380000
-471.453521 0.416832 139.275471 0.390000
-470.463898 0.417946 139.237406 0.400000
-469.474540 0.419088 139.198370 0.410000
-468.485447 0.420258 139.158363 0.420000
-467.496618 0.421455 139.117386 0.430000
-466.508053 0.422680 139.075439 0.440000
-465.519753 0.423932 139.032522 0.450000
-464.531717 0.425213 138.988636 0.460000
-463.543946 0.426521 138.943781 0.470000
-462.556438 0.427856 138.897956 0.480000
-461.569195 0.429220 138.851163 0.490000
-460.582216 0.430610 138.803401 0.500000
-459.595500 0.432029 138.754671 0.510000
-458.609049 0.433475 138.704973 0.520000
-457.622861 0.434949 138.654307 0.530000
-456.636937 0.436450 138.602674 0.540000
-455.651277 0.437979 138.550074 0.550000
-454.665881 0.439536 138.496507 0.560000
-453.680748 0.441120 138.441973 0.570000
-452.695878 0.442731 138.386473 0.580000
-451.711272 0.444371 138.330006 0.590000
-450.726929 0.446037 138.272574 0.600000
-449.742849 0.447732 138.214176 0.610000
-448.759033 0.449454 138.154812 0.620000
-447.775479 0.451203 138.094484 0.630000
-446.792189 0.452980 138.033190 0.640000
-445.809162 0.454785 137.970932 0.650000
-444.826397 0.456617 137.907710 0.660000
-443.843896 0.458476 137.843524 0.670000
-442.861657 0.460363 137.778373 0.680000
-441.879681 0.462278 137.712259 0.690000
-440.897967 0.464220 137.645182 0.700000
-439.916516 0.466189 137.577142 0.710000
-438.935328 0.468186 137.508139 0.720000
-437.954402 0.470211 137.438173 0.730000
-436.973738 0.472263 137.367246 0.740000
-435.993336 0.474342 137.295356 0.750000
-435.013197 0.476449 137.222504 0.760000
-434.033320 0.478583 137.148691 0.770000
-433.053705 0.480745 137.073916 0.780000
-432.074352 0.482934 136.998181 0.790000
-431.095260 0.485150 136.921485 0.800000
-430.116431 0.487394 136.843828 0.810000
-429.137863 0.489665 136.765211 0.820000
-428.159557 0.491964 136.685634 0.830000
-427.181513 0.494290 136.605098 0.840000
-426.203731 0.496644 136.523602 0.850000
-425.226209 0.499025 136.441146 0.860000
-424.248950 0.501433 136.357732 0.870000
-423.271951 0.503868 136.273359 0.880000
-422.295214 0.506331 136.188028 0.890000
-421.318738 0.508821 136.101738 0.900000
-420.342523 0.511339 136.014491 0.910000
-419.366570 0.513884 135.926286 0.920000
-418.390877 0.516456 135.837123 0.930000
-417.415445 0.519056 135.747003 0.940000
-416.440274 0.521683 135.655927 0.950000
-415.465364 0.524337 135.563894 0.960000
-414.490715 0.527018 135.470904 0.970000
-413.516326 0.529727 135.376958 0.980000
-412.542198 0.532463 135.282057 0.990000
-411.568331 0.535226 135.186199 1.000000
-410.594724 0.538017 135.089387 1.010000
-409.621377 0.540834 134.991619 1.020000
-408.648290 0.543679 134.892897 1.030000
-407.675464 0.546552 134.793219 1.040000
-406.702898 0.549451 134.692588 1.050000
-405.730592 0.552378 134.591002 1.060000
-404.758546 0.555332 134.488463 1.070000
-403.786761 0.558313 134.384970 1.080000
-402.815235 0.561321 134.280524 1.090000
-401.843968 0.564357 134.175124 1.100000
-400.872962 0.567419 134.068772 1.110000
-399.902215 0.570509 133.961467 1.120000
-398.931728 0.573626 133.853210 1.130000
-397.961500 0.576771 133.744001 1.140000
-396.991532 0.579942 133.633840 1.150000
-396.021823 0.583141 133.522728 1.160000
-395.052374 0.586366 133.410664 1.170000
-394.083184 0.589619 133.297649 1.180000
-393.114253 0.592899 133.183684 1.190000
-392.145581 0.596206 133.068768 1.200000
-391.177169 0.599540 132.952901 1.210000
-390.209015 0.602902 132.836085 1.220000
-389.241120 0.606290 132.718319 1.230000
-388.273484 0.609706 132.599603 1.240000
-387.306107 0.613148 132.479938 1.250000
-386.338988 0.616618 132.359325 1.260000
-385.372129 0.620115 132.237762 1.270000
-384.405527 0.623639 132.115251 1.280000
-383.439185 0.627189 131.991792 1.290000
-382.473100 0.630767 131.867384 1.300000
-381.507274 0.634372 131.742029 1.310000
-380.541707 0.638004 131.615727 1.320000
-379.576397 0.641663 131.488477 1.330000
-378.611346 0.645349 131.360280 1.340000
-377.646553 0.649062 131.231137 1.350000
-376.682018 0.652803 131.101047 1.360000
-375.717741 0.656570 130.970011 1.370000
-374.753721 0.660364 130.838029 1.380000
-373.789960 0.664185 130.705101 1.390000
-372.826456 0.668033 130.571228 1.400000
-371.863210 0.671908 130.436410 1.410000
-370.900222 0.675810 130.300646 1.420000
-369.937491 0.679739 130.163938 1.430000
-368.975017 0.683694 130.026286 1.440000
-368.012801 0.687677 129.887689 1.450000
-367.050843 0.691687 129.748149 1.460000
-366.089141 0.695724 129.607664 1.470000
-365.127697 0.699787 129.466237 1.480000
-364.166510 0.703878 129.323866 1.490000
-363.205580 0.707995 129.180552 1.500000
-362.244907 0.712140 129.036296 1.510000
-361.284491 0.716311 128.891097 1.520000
-360.324331 0.720509 128.744956 1.530000
-359.364429 0.724734 128.597873 1.540000
-358.404783 0.728986 128.449848 1.550000
-357.445394 0.733264 128.300882 1.560000
-356.486261 0.737570 128.150975 1.570000
-355.527385 0.741902 128.000127 1.580000
-354.568766 0.746262 127.848338 1.590000
-353.610402 0.750648 127.695609 1.600000
-352.652295 0.755061 127.541939 1.610000
-351.694445 0.759500 127.387330 1.620000
-350.736850 0.763967 127.231781 1.630000
-349.779512 0.768460 127.075293 1.640000
-348.822429 0.772980 126.917865 1.650000
-347.865603 0.777527 126.759499 1.660000
-346.909032 0.782101 126.600194 1.670000
-345.952718 0.786701 126.439951 1.680000
-344.996659 0.791329 126.278769 1.690000
-344.040855 0.795983 126.116650 1.700000
-343.085308 0.800663 125.953593 1.710000
-342.130015 0.805371 125.789598 1.720000
-341.174979 0.810105 125.624667 1.730000
-340.220198 0.814866 125.458798 1.740000
-339.265672 0.819654 125.291993 1.750000
-338.311401 0.824468 125.124252 1.760000
-337.357386 0.829310 124.955574 1.770000
-336.403625 0.834177 124.785960 1.780000
-335.450120 0.839072 124.615411 1.790000
-334.496870 0.843993 124.443927 1.800000
-333.543875 0.848941 124.271507 1.810000
-332.591134 0.853916 124.098152 1.820000
-331.638649 0.858917 123.923863 1.830000
-330.686418 0.863945 123.748640 1.840000
-329.734442 0.869000 123.572482 1.850000
-328.782720 0.874081 123.395390 1.860000
-327.831253 0.879189 123.217365 1.870000
-326.880041 0.884323 123.038406 1.880000
-325.929082 0.889484 122.858514 1.890000
-324.978379 0.894672 122.677690 1.900000
-324.027929 0.899887 122.495932 1.910000
-323.077733 0.905128 122.313243 1.920000
-322.127792 0.910395 122.129621 1.930000
-321.178105 0.915689 121.945067 1.940000
-320.228672 0.921010 121.759581 1.950000
-319.279492 0.926358 121.573165 1.960000
-318.330567 0.931731 121.385817 1.970000
-317.381895 0.937132 121.197538 1.980000
-316.433477 0.942559 121.008328 1.990000
-315.485312 0.948013 120.818188 2.000000
-314.537402 0.953493 120.627118 2.010000
-313.589744 0.958999 120.435118 2.020000
-312.642340 0.964532 120.242189 2.030000
-311.695190 0.970092 120.048330 2.040000
-310.748293 0.975678 119.853542 2.050000
-309.801649 0.981291 119.657825 2.060000
-308.855258 0.986930 119.461179 2.070000
-307.909120 0.992596 119.263605 2.080000
-306.963236 0.998288 119.065103 2.090000
-306.017604 1.004007 118.865672 2.100000
-305.072225 1.009752 118.665314 2.110000
-304.127099 1.015524 118.464029 2.120000
-303.182226 1.021322 118.261817 2.130000
-302.237605 1.027146 118.058677 2.140000
-301.293238 1.032997 117.854611 2.150000
-300.349122 1.038875 117.649619 2.160000
-299.405259 1.044778 117.443700 2.170000
-298.461649 1.050709 117.236856 2.180000
-297.518291 1.056665 117.029085 2.190000
-296.575185 1.062648 116.820390 2.200000
-295.632332 1.068658 116.610769 2.210000
-294.689730 1.074694 116.400223 2.220000
-293.747381 1.080756 116.188752 2.230000
-292.805284 1.086845 115.976357 2.240000
-291.863439 1.092960 115.763038 2.250000
-290.921845 1.099101 115.548795 2.260000
-289.980503 1.105269 115.333628 2.270000
-289.039414 1.111463 115.117538 2.280000
-288.098575 1.117683 114.900525 2.290000
-287.157989 1.123930 114.682588 2.300000
-286.217654 1.130203 114.463729 2.310000
-285.277570 1.136502 114.243947 2.320000
-284.337738 1.142828 114.023244 2.330000
-283.398157 1.149180 113.801618 2.340000
-282.458828 1.155558 113.579070 2.350000
-281.519750 1.161963 113.355601 2.360000
-280.580923 1.168394 113.131211 2.370000
-279.642347 1.174851 112.905900 2.380000
-278.704022 1.181335 112.679668 2.390000
-277.765947 1.187844 112.452515 2.400000
-276.828124 1.194380 112.224443 2.410000
-275.890552 1.200942 111.995450 2.420000
-274.953230 1.207531 111.765537 2.430000
-274.016159 1.214146 111.534705 2.440000
-273.079339 1.220787 111.302954 2.450000
-272.142769 1.227454 111.070284 2.460000
-271.206450 1.234147 110.836695 2.470000
-270.270381 1.240867 110.602187 2.480000
-269.334562 1.247613 110.366761 2.490000
-268.398994 1.254385 110.130417 2.500000
-267.463676 1.261183 109.893155 2.510000
-266.528608 1.268007 109.654976 2.520000
-265.593790 1.274858 109.415880 2.530000
-264.659222 1.281734 109.175866 2.540000
-263.724904 1.288637 108.934935 2.550000
-262.790836 1.295566 108.693088 2.560000
-261.857017 1.302521 108.450325 2.570000
-260.923449 1.309503 108.206646 2.580000
-259.990130 1.316510 107.962051 2.590000
-259.057061 1.323544 107.716540 2.600000
-258.124241 1.330603 107.470114 2.610000
-257.191671 1.337689 107.222772 2.620000
-256.259350 1.344801 106.974516 2.630000
-255.327278 1.351939 106.725345 2.640000
-254.395456 1.359103 106.475260 2.650000
-253.463883 1.366293 106.224261 2.660000
-252.532559 1.373510 105.972348 2.670000
-251.601484 1.380752 105.719521 2.680000
-250.670658 1.388020 105.465781 2.690000
-249.740082 1.395315 105.211128 2.700000
-248.809754 1.402635 104.955562 2.710000
-247.879674 1.409982 104.699083 2.720000
-246.949844 1.417354 104.441692 2.730000
-246.020262 1.424753 104.183389 2.740000
-245.090929 1.432178 103.924173 2.750000
-244.161844 1.439628 103.664047 2.760000
-243.233008 1.447105 103.403008 2.770000
-242.304420 1.454608 103.141059 2.780000
-241.376081 1.462136 102.878198 2.790000
-240.447990 1.469691 102.614427 2.800000
-239.520147 1.477271 102.349745 2.810000
-238.592552 1.484878 102.084153 2.820000
-237.665205 1.492511 101.817652 2.830000
-236.738106 1.500169 101.550240 2.840000
-235.811256 1.507854 101.281919 2.850000
-234.884653 1.515564 101.012689 2.860000
-233.958298 1.523300 100.742549 2.870000
-233.032190 1.531063 100.471501 2.880000
-232.106331 1.538851 100.199545 2.890000
-231.180718 1.546665 99.926680 2.900000
-230.255340 1.554370 99.652907 2.910000
-229.330195 1.561966 99.378226 2.920000
-228.405283 1.569453 99.102638 2.930000
-227.480605 1.576831 98.826143 2.940000
-226.556160 1.584100 98.548740 2.950000
-225.631948 1.591260 98.270431 2.960000
-224.707970 1.598311 97.991215 2.970000
-223.784224 1.605253 97.711093 2.980000
-222.860712 1.612086 97.430064 2.990000
-221.937432 1.618811 97.148130 3.000000
-221.014386 1.625427 96.865291 3.010000
-220.091572 1.631933 96.581545 3.020000
-219.168991 1.638332 96.296895 3.030000
-218.246643 1.644621 96.011340 3.040000
-217.324528 1.650802 95.724880 3.050000
-216.402645 1.656874 95.437516 3.060000
-215.480995 1.662838 95.149248 3.070000
-214.559577 1.668693 94.860076 3.080000
-213.638391 1.674439 94.570000 3.090000
-212.717438 1.680077 94.279021 3.100000
-211.796718 1.685606 93.987138 3.110000
-210.876229 1.691027 93.694353 3.120000
-209.955973 1.696339 93.400665 3.130000
-209.035949 1.701543 93.106074 3.140000
-208.116156 1.706639 92.810581 3.150000
-207.196596 1.711626 92.514187 3.160000
-206.277268 1.716505 92.216890 3.170000
-205.358172 1.721276 91.918692 3.180000
-204.439307 1.725938 91.619593 3.190000
-203.520674 1.730492 91.319593 3.200000
-202.602273 1.734938 91.018692 3.210000
-201.684103 1.739276 90.716890 3.220000
-200.766165 1.743505 90.414188 3.230000
-199.848459 1.747627 90.110587 3.240000
-198.930984 1.751640 89.806085 3.250000
-198.013740 1.755545 89.500684 3.260000
-197.096728 1.759342 89.194383 3.270000
-196.179947 1.763031 88.887184 3.280000
-195.263397 1.766613 88.579085 3.290000
-194.347078 1.770086 88.270088 3.300000
-193.430990 1.773451 87.960193 3.310000
-192.515133 1.776708 87.649399 3.320000
-191.599507 1.779858 87.337708 3.330000
-190.684112 1.782900 87.025119 3.340000
-189.768948 1.785833 86.711632 3.350000
-188.854015 1.788659 86.397248 3.360000
-187.939312 1.791378 86.081968 3.370000
-187.024840 1.793988 85.765791 3.380000
-186.110598 1.796491 85.448717 3.390000
-185.196587 1.798886 85.130747 3.400000
-184.282807 1.801174 84.811881 3.410000
-183.369256 1.803354 84.492120 3.420000
-182.455936 1.805426 84.171463 3.430000
-181.542847 1.807391 83.849910 3.440000
-180.629987 1.809248 83.527463 3.450000
-179.717358 1.810998 83.204121 3.460000
-178.804959 1.812640 82.879884 3.470000
-177.892790 1.814175 82.554753 3.480000
-176.980850 1.815603 82.228729 3.490000
-176.069141 1.816923 81.901810 3.500000
-175.157661 1.818136 81.573997 3.510000
-174.246411 1.819241 81.245292 3.520000
-173.335391 1.820239 80.915693 3.530000
-172.424601 1.821130 80.585202 3.540000
-171.514040 1.821914 80.253817 3.550000
-170.603709 1.822590 79.921541 3.560000
-169.693607 1.823159 79.588372 3.570000
-168.783734 1.823621 79.254311 3.580000
-167.874091 1.823976 78.919359 3.590000
-166.964677 1.824224 78.583515 3.600000
-166.055492 1.824365 78.246781 3.610000
-165.146537 1.824399 77.909155 3.620000
-164.237810 1.824325 77.570638 3.630000
-163.329313 1.824145 77.231231 3.640000
-162.421045 1.823858 76.890934 3.650000
-161.513005 1.823464 76.549747 3.660000
-160.605194 1.822963 76.207670 3.670000
-159.697612 1.822355 75.864703 3.680000
-158.790259 1.821640 75.520848 3.690000
-157.883135 1.820819 75.176103 3.700000
-156.976239 1.819890 74.830469 3.710000
-156.069571 1.818855 74.483947 3.720000
-155.163132 1.817714 74.136537 3.730000
-154.256922 1.816465 73.788238 3.740000
-153.350940 1.815110 73.439052 3.750000
-152.445186 1.813648 73.088978 3.760000
-151.539660 1.812080 72.738016 3.770000
-150.634363 1.810405 72.386168 3.780000
-149.729294 1.808623 72.033432 3.790000
-148.824452 1.806735 71.679810 3.800000
-147.919839 1.804741 71.325301 3.810000
-147.015454 1.802640 70.969907 3.820000
-146.111296 1.800432 70.613626 3.830000
-145.207366 1.798119 70.256460 3.840000
-144.303664 1.795698 69.898408 3.850000
-143.400190 1.793172 69.539471 3.860000
-142.496944 1.790539 69.179648 3.870000
-141.593924 1.787800 68.818942 3.880000
-140.691133 1.784954 68.457350 3.890000
-139.788569 1.782002 68.094874 3.900000
-138.886232 1.778945 67.731515 3.910000
-137.984123 1.775780 67.367271 3.920000
-137.082240 1.772510 67.002144 3.930000
-136.180585 1.769134 66.636133 3.940000
-135.279158 1.765651 66.269239 3.950000
-134.377957 1.762063 65.901463 3.960000
-133.476983 1.758368 65.532804 3.970000
-132.576236 1.754568 65.163262 3.980000
-131.675716 1.750661 64.792838 3.990000
-130.775423 1.746648 64.421533 4.000000
-129.875357 1.742530 64.049345 4.010000
-128.975517 1.738306 63.676276 4.020000
-128.075905 1.733975 63.302326 4.030000
-127.176518 1.729539 62.927495 4.040000
-126.277358 1.724997 62.551783 4.050000
-125.378425 1.720350 62.175191 4.060000
-124.479718 1.715596 61.797718 4.070000
-123.581238 1.710737 61.419366 4.080000
-122.682983 1.705772 61.040133 4.090000
-121.784955 1.700702 60.660021 4.100000
-120.887153 1.695526 60.279030 4.110000
-119.989578 1.690244 59.897159 4.120000
-119.092228 1.684856 59.514410 4.130000
-118.195104 1.679363 59.130782 4.140000
-117.298206 1.673765 58.746275 4.150000
-116.401534 1.668061 58.360890 4.160000
-115.505088 1.662252 57.974628 4.170000
-114.608868 1.656337 57.587488 4.180000
-113.712873 1.650316 57.199470 4.190000
-112.817104 1.644191 56.810575 4.200000
-111.921560 1.637960 56.420803 4.210000
-111.026242 1.631623 56.030154 4.220000
-110.131150 1.625182 55.638629 4.230000
-109.236282 1.618635 55.246228 4.240000
-108.341640 1.611982 54.852950 4.250000
-107.447224 1.605225 54.458797 4.260000
-106.553032 1.598362 54.063768 4.270000
-105.659066 1.591394 53.667863 4.280000
-104.765325 1.584321 53.271084 4.290000
-103.871809 1.577143 52.873429 4.300000
-102.978518 1.569860 52.474900 4.310000
-102.085451 1.562472 52.075497 4.320000
-101.192610 1.554979 51.675219 4.330000
-100.299993 1.547381 51.274068 4.340000
-99.407601 1.539677 50.872043 4.350000
-98.515434 1.531869 50.469144 4.360000
-97.623491 1.523956 50.065372 4.370000
-96.731773 1.515938 49.660727 4.380000
-95.840279 1.507816 49.255209 4.390000
-94.949010 1.499588 48.848819 4.400000
-94.057965 1.491256 48.441556 4.410000
-93.167144 1.482819 48.033421 4.420000
-92.276548 1.474277 47.624415 4.430000
-91.386176 1.465630 47.214536 4.440000
-90.496028 1.456879 46.803787 4.450000
-89.606103 1.448023 46.392166 4.460000
-88.716403 1.439062 45.979674 4.470000
-87.826927 1.429997 45.566312 4.480000
-86.937675 1.420827 45.152079 4.490000
-86.048647 1.411553 44.736976 4.500000
-85.159842 1.402174 44.321003 4.510000
-84.271261 1.392691 43.904160 4.520000
-83.382904 1.383103 43.486448 4.530000
-82.494770 1.373411 43.067867 4.540000
-81.606860 1.363614 42.648416 4.550000
-80.719173 1.353713 42.228097 4.560000
-79.831710 1.343708 41.806909 4.570000
-78.944470 1.333598 41.384852 4.580000
-78.057453 1.323384 40.961928 4.590000
-77.170660 1.313066 40.538135 4.600000
-76.284089 1.302643 40.113475 4.610000
-75.397742 1.292116 39.687948 4.620000
-74.511618 1.281485 39.261553 4.630000
-73.625717 1.270750 38.834291 4.640000
-72.740039 1.259911 38.406163 4.650000
-71.854583 1.248968 37.977168 4.660000
-70.969351 1.237921 37.547307 4.670000
-70.084341 1.226769 37.116580 4.680000
-69.199554 1.215514 36.684987 4.690000
-68.314989 1.204154 36.252528 4.700000
-67.430647 1.192691 35.819204 4.710000
-66.546528 1.181124 35.385015 4.720000
-65.662631 1.169452 34.949961 4.730000
-64.778956 1.157677 34.514043 4.740000
-63.895504 1.145798 34.077260 4.750000
-63.012274 1.133816 33.639612 4.760000
-62.129266 1.121729 33.201101 4.770000
-61.246480 1.109539 32.761726 4.780000
-60.363917 1.097245 32.321488 4.790000
-59.481575 1.084847 31.880386 4.800000
-58.599456 1.072345 31.438422 4.810000
-57.717558 1.059740 30.995594 4.820000
-56.835882 1.047031 30.551904 4.830000
-55.954428 1.034219 30.107352 4.840000
-55.073196 1.021303 29.661937 4.850000
-54.192185 1.008284 29.215661 4.860000
-53.311396 0.995161 28.768523 4.870000
-52.430829 0.981934 28.320524 4.880000
-51.550483 0.968604 27.871663 4.890000
-50.670358 0.955171 27.421941 4.900000
-49.790455 0.941634 26.971359 4.910000
-48.910773 0.927994 26.519916 4.920000
-48.031313 0.914250 26.067613 4.930000
-47.152074 0.900403 25.614450 4.940000
-46.273055 0.886453 25.160427 4.950000
-45.394258 0.872400 24.705545 4.960000
-44.515682 0.858243 24.249803 4.970000
-43.637327 0.843983 23.793202 4.980000
-42.759193 0.829620 23.335742 4.990000
-41.881280 0.815154 22.877424 5.000000
-41.003587 0.800585 22.418247 5.010000
-40.126115 0.785912 21.958212 5.020000
-39.248864 0.771137 21.497319 5.030000
-38.371833 0.756258 21.035568 5.040000
-37.495023 0.741277 20.572959 5.050000
-36.618434 0.726192 20.109494 5.060000
-35.742065 0.711004 19.645171 5.070000
-34.865916 0.695714 19.179992 5.080000
-33.989988 0.680321 18.713956 5.090000
-33.114279 0.664824 18.247063 5.100000
-32.238792 0.649225 17.779315 5.110000
-31.363524 0.633523 17.310710 5.120000
-30.488476 0.617718 16.841250 5.130000
-29.613648 0.601811 16.370934 5.140000
-28.739041 0.585801 15.899763 5.150000
-27.864653 0.569687 15.427738 5.160000
-26.990485 0.553472 14.954857 5.170000
-26.116537 0.537153 14.481122 5.180000
-25.242808 0.520732 14.006533 5.190000
-24.369299 0.504209 13.531089 5.200000
-23.496010 0.487583 13.054792 5.210000
-22.622940 0.470854 12.577641 5.220000
-21.750090 0.454023 12.099636 5.230000
-20.877460 0.437089 11.620779 5.240000
-20.005048 0.420053 11.141068 5.250000
-19.132856 0.402914 10.660505 5.260000
-18.260883 0.385673 10.179090 5.270000
-17.389130 0.368329 9.696822 5.280000
-16.517595 0.350883 9.213702 5.290000
-15.646280 0.333335 8.729730 5.300000
-14.775184 0.315685 8.244907 5.310000
-13.904306 0.297932 7.759232 5.320000
-13.033648 0.280077 7.272706 5.330000
-12.163208 0.262120 6.785330 5.340000
-11.292987 0.244060 6.297103 5.350000
-10.422985 0.225899 5.808025 5.360000
-9.553202 0.207635 5.318097 5.370000
-8.683637 0.189269 4.827319 5.380000
-7.814291 0.170801 4.335691 5.390000
-6.945163 0.152231 3.843214 5.400000
-6.076254 0.133559 3.349888 5.410000
-5.207563 0.114785 2.855712 5.420000
-4.339090 0.095909 2.360688 5.430000
-3.470836 0.076931 1.864815 5.440000
-2.602800 0.057851 1.368094 5.450000
-1.734982 0.038669 0.870524 5.460000
-0.867382 0.019386 0.372107 5.470000
-0.000000 -0.000000 -0.127158 5.480000
