100.000000 0.002800 0.000000 0.000000
99.973256 0.005599 -0.098100 0.010000
99.946519 0.008398 -0.196174 0.020000
99.919790 0.011196 -0.294221 0.030000
99.893068 0.013993 -0.392243 0.040000
99.866352 0.016789 -0.490238 0.050000
99.839644 0.019584 -0.588207 0.060000
99.812943 0.022379 -0.686149 0.070000
99.786249 0.025173 -0.784066 0.080000
99.759563 0.027966 -0.881956 0.090000
99.732883 0.030759 -0.979820 0.100000
99.706211 0.033551 -1.077658 0.110000
99.679545 0.036342 -1.175470 0.120000
99.652887 0.039132 -1.273256 0.130000
99.626236 0.041921 -1.371015 0.140000
99.599592 0.044710 -1.468748 0.150000
99.572956 0.047498 -1.566456 0.160000
99.546326 0.050286 -1.664137 0.170000
99.519703 0.053072 -1.761792 0.180000
99.493088 0.055858 -1.859420 0.190000
99.466480 0.058643 -1.957023 0.200000
99.439879 0.061427 -2.054600 0.210000
99.413285 0.064211 -2.152150 0.220000
99.386698 0.066994 -2.249675 0.230000
99.360118 0.069776 -2.347173 0.240000
99.333545 0.072557 -2.444645 0.250000
99.306979 0.075338 -2.542092 0.260000
99.280421 0.078118 -2.639512 0.270000
99.253870 0.080897 -2.736906 0.280000
99.227325 0.083675 -2.834274 0.290000
99.200788 0.086453 -2.931616 0.300000
99.174258 0.089230 -3.028932 0.310000
99.147735 0.092006 -3.126222 0.320000
99.121219 0.094781 -3.223486 0.330000
99.094710 0.097556 -3.320724 0.340000
99.068208 0.100330 -3.417936 0.350000
99.041714 0.103103 -3.515121 0.360000
99.015226 0.105875 -3.612281 0.370000
98.988746 0.108647 -3.709415 0.380000
98.962272 0.111418 -3.806523 0.390000
98.935806 0.114188 -3.903605 0.400000
98.909347 0.116958 -4.000661 0.410000
98.882895 0.119726 -4.097691 0.420000
98.856450 0.122494 -4.194696 0.430000
98.830012 0.125261 -4.291674 0.440000
98.803581 0.128028 -4.388626 0.450000
98.777157 0.130794 -4.485552 0.460000
98.750740 0.133559 -4.582453 0.470000
98.724330 0.136323 -4.679327 0.480000
98.697927 0.139087 -4.776176 0.490000
98.671532 0.141849 -4.872998 0.500000
98.645143 0.144611 -4.969795 0.510000
98.618762 0.147373 -5.066566 0.520000
98.592387 0.150133 -5.163311 0.530000
98.566020 0.152893 -5.260030 0.540000
98.539660 0.155652 -5.356723 0.550000
98.513306 0.158411 -5.453391 0.560000
98.486960 0.161168 -5.550032 0.570000
98.460621 0.163925 -5.646648 0.580000
98.434289 0.166681 -5.743238 0.590000
98.407964 0.169437 -5.839802 0.600000
98.381645 0.172192 -5.936340 0.610000
98.355334 0.174945 -6.032853 0.620000
98.329030 0.177699 -6.129339 0.630000
98.302733 0.180451 -6.225800 0.640000
98.276444 0.183203 -6.322235 0.650000
98.250161 0.185954 -6.418644 0.660000
98.223885 0.188704 -6.515028 0.670000
98.197616 0.191454 -6.611385 0.680000
98.171354 0.194202 -6.707717 0.690000
98.145099 0.196951 -6.804023 0.700000
98.118852 0.199698 -6.900303 0.710000
98.092611 0.202444 -6.996558 0.720000
98.066377 0.205190 -7.092787 0.730000
98.040150 0.207935 -7.188990 0.740000
98.013931 0.210680 -7.285167 0.750000
97.987718 0.213424 -7.381319 0.760000
97.961512 0.216166 -7.477445 0.770000
97.935314 0.218909 -7.573545 0.780000
97.909122 0.221650 -7.669620 0.790000
97.882937 0.224391 -7.765669 0.800000
97.856760 0.227131 -7.861692 0.810000
97.830589 0.229870 -7.957689 0.820000
97.804425 0.232609 -8.053661 0.830000
97.778269 0.235346 -8.149607 0.840000
97.752119 0.238083 -8.245528 0.850000
97.725976 0.240820 -8.341423 0.860000
97.699840 0.243555 -8.437292 0.870000
97.673712 0.246290 -8.533135 0.880000
97.647590 0.249024 -8.628953 0.890000
97.621475 0.251758 -8.724745 0.900000
97.595368 0.254490 -8.820512 0.910000
97.569267 0.257222 -8.916253 0.920000
97.543173 0.259954 -9.011969 0.930000
97.517086 0.262684 -9.107659 0.940000
97.491006 0.265414 -9.203323 0.950000
97.464934 0.268143 -9.298961 0.960000
97.438868 0.270871 -9.394575 0.970000
97.412809 0.273599 -9.490162 0.980000
97.386757 0.276325 -9.585724 0.990000
97.360712 0.279052 -9.681260 1.000000
97.334674 0.281777 -9.776771 1.010000
97.308643 0.284502 -9.872257 1.020000
97.282619 0.287226 -9.967716 1.030000
97.256602 0.289949 -10.063151 1.040000
97.230592 0.292671 -10.158559 1.050000
97.204588 0.295393 -10.253943 1.060000
97.178592 0.298114 -10.349300 1.070000
97.152603 0.300834 -10.444632 1.080000
97.126620 0.303554 -10.539939 1.090000
97.100645 0.306273 -10.635220 1.100000
97.074677 0.308991 -10.730476 1.110000
97.048715 0.311708 -10.825706 1.120000
97.022761 0.314425 -10.920911 1.130000
96.996813 0.317141 -11.016091 1.140000
96.970872 0.319856 -11.111244 1.150000
96.944939 0.322570 -11.206373 1.160000
96.919012 0.325284 -11.301476 1.170000
96.893092 0.327997 -11.396553 1.180000
96.867179 0.330709 -11.491605 1.190000
96.841273 0.333421 -11.586632 1.200000
96.815374 0.336132 -11.681633 1.210000
96.789482 0.338842 -11.776609 1.220000
96.763596 0.341551 -11.871560 1.230000
96.737718 0.344260 -11.966485 1.240000
96.711847 0.346968 -12.061385 1.250000
96.685982 0.349675 -12.156259 1.260000
96.660125 0.352381 -12.251108 1.270000
96.634274 0.355087 -12.345931 1.280000
96.608430 0.357792 -12.440730 1.290000
96.582594 0.360496 -12.535503 1.300000
96.556764 0.363200 -12.630250 1.310000
96.530941 0.365903 -12.724972 1.320000
96.505125 0.368605 -12.819669 1.330000
96.479315 0.371306 -12.914341 1.340000
96.453513 0.374007 -13.008987 1.350000
96.427718 0.376707 -13.103608 1.360000
96.401929 0.379406 -13.198203 1.370000
96.376148 0.382105 -13.292774 1.380000
96.350373 0.384803 -13.387319 1.390000
96.324605 0.387500 -13.481838 1.400000
96.298844 0.390196 -13.576333 1.410000
96.273090 0.392892 -13.670802 1.420000
96.247343 0.395587 -13.765246 1.430000
96.221603 0.398281 -13.859665 1.440000
96.195869 0.400974 -13.954058 1.450000
96.170143 0.403667 -14.048426 1.460000
96.144423 0.406359 -14.142769 1.470000
96.118711 0.409051 -14.237087 1.480000
96.093005 0.411741 -14.331379 1.490000
96.067306 0.414431 -14.425646 1.500000
96.041614 0.417120 -14.519888 1.510000
96.015929 0.419809 -14.614105 1.520000
95.990250 0.422496 -14.708297 1.530000
95.964579 0.425183 -14.802463 1.540000
95.938914 0.427870 -14.896604 1.550000
95.913256 0.430555 -14.990721 1.560000
95.887605 0.433240 -15.084811 1.570000
95.861961 0.435924 -15.178877 1.580000
95.836324 0.438608 -15.272918 1.590000
95.810694 0.441290 -15.366933 1.600000
95.785070 0.443972 -15.460924 1.610000
95.759454 0.446654 -15.554889 1.620000
95.733844 0.449334 -15.648829 1.630000
95.708241 0.452014 -15.742744 1.640000
95.682645 0.454693 -15.836633 1.650000
95.657056 0.457372 -15.930498 1.660000
95.631473 0.460049 -16.024338 1.670000
95.605898 0.462726 -16.118152 1.680000
95.580329 0.465402 -16.211941 1.690000
95.554767 0.468078 -16.305706 1.700000
95.529212 0.470753 -16.399445 1.710000
95.503664 0.473427 -16.493159 1.720000
95.478123 0.476100 -16.586848 1.730000
95.452588 0.478773 -16.680512 1.740000
95.427061 0.481445 -16.774151 1.750000
95.401540 0.484116 -16.867765 1.760000
95.376026 0.486787 -16.961354 1.770000
95.350518 0.489456 -17.054918 1.780000
95.325018 0.492126 -17.148457 1.790000
95.299525 0.494794 -17.241971 1.800000
95.274038 0.497462 -17.335460 1.810000
95.248558 0.500129 -17.428923 1.820000
95.223085 0.502795 -17.522362 1.830000
95.197618 0.505460 -17.615776 1.840000
95.172159 0.508125 -17.709165 1.850000
95.146706 0.510789 -17.802529 1.860000
95.121260 0.513453 -17.895868 1.870000
95.095821 0.516115 -17.989182 1.880000
95.070389 0.518777 -18.082471 1.890000
95.044963 0.521439 -18.175735 1.900000
95.019545 0.524099 -18.268974 1.910000
94.994133 0.526759 -18.362188 1.920000
94.968728 0.529418 -18.455377 1.930000
94.943329 0.532077 -18.548542 1.940000
94.917938 0.534734 -18.641681 1.950000
94.892553 0.537391 -18.734796 1.960000
94.867175 0.540047 -18.827885 1.970000
94.841804 0.542703 -18.920950 1.980000
94.816440 0.545358 -19.013990 1.990000
94.791082 0.548012 -19.107005 2.000000
94.765732 0.550666 -19.199995 2.010000
94.740388 0.553318 -19.292960 2.020000
94.715050 0.555970 -19.385900 2.030000
94.689720 0.558622 -19.478816 2.040000
94.664396 0.561272 -19.571706 2.050000
94.639079 0.563922 -19.664572 2.060000
94.613769 0.566571 -19.757413 2.070000
94.588466 0.569220 -19.850229 2.080000
94.563169 0.571868 -19.943020 2.090000
94.537879 0.574515 -20.035787 2.100000
94.512596 0.577161 -20.128528 2.110000
94.487320 0.579807 -20.221245 2.120000
94.462050 0.582452 -20.313937 2.130000
94.436788 0.585096 -20.406605 2.140000
94.411532 0.587739 -20.499247 2.150000
94.386282 0.590382 -20.591865 2.160000
94.361040 0.593024 -20.684458 2.170000
94.335804 0.595666 -20.777026 2.180000
94.310575 0.598306 -20.869569 2.190000
94.285353 0.600946 -20.962088 2.200000
94.260137 0.603586 -21.054582 2.210000
94.234928 0.606224 -21.147051 2.220000
94.209726 0.608862 -21.239496 2.230000
94.184531 0.611499 -21.331915 2.240000
94.159342 0.614136 -21.424310 2.250000
94.134161 0.616771 -21.516681 2.260000
94.108986 0.619406 -21.609026 2.270000
94.083817 0.622041 -21.701347 2.280000
94.058656 0.624674 -21.793643 2.290000
94.033501 0.627307 -21.885915 2.300000
94.008352 0.629940 -21.978162 2.310000
93.983211 0.632571 -22.070384 2.320000
93.958076 0.635202 -22.162582 2.330000
93.932948 0.637832 -22.254754 2.340000
93.907827 0.640462 -22.346903 2.350000
93.882712 0.643090 -22.439026 2.360000
93.857605 0.645718 -22.531125 2.370000
93.832503 0.648346 -22.623199 2.380000
93.807409 0.650972 -22.715249 2.390000
93.782321 0.653598 -22.807274 2.400000
93.757240 0.656223 -22.899275 2.410000
93.732166 0.658848 -22.991251 2.420000
93.707098 0.661472 -23.083202 2.430000
93.682038 0.664095 -23.175128 2.440000
93.656983 0.666717 -23.267031 2.450000
93.631936 0.669339 -23.358908 2.460000
93.606895 0.671960 -23.450761 2.470000
93.581861 0.674580 -23.542589 2.480000
93.556834 0.677200 -23.634393 2.490000
93.531813 0.679819 -23.726172 2.500000
93.506799 0.682437 -23.817927 2.510000
93.481792 0.685054 -23.909657 2.520000
93.456791 0.687671 -24.001363 2.530000
93.431797 0.690287 -24.093044 2.540000
93.406810 0.692902 -24.184701 2.550000
93.381829 0.695517 -24.276333 2.560000
93.356855 0.698131 -24.367940 2.570000
93.331888 0.700744 -24.459523 2.580000
93.306928 0.703357 -24.551082 2.590000
93.281974 0.705969 -24.642616 2.600000
93.257027 0.708580 -24.734126 2.610000
93.232086 0.711191 -24.825611 2.620000
93.207152 0.713800 -24.917071 2.630000
93.182225 0.716410 -25.008508 2.640000
93.157304 0.719018 -25.099919 2.650000
93.132391 0.721626 -25.191307 2.660000
93.107483 0.724233 -25.282670 2.670000
93.082583 0.726839 -25.374008 2.680000
93.057689 0.729445 -25.465322 2.690000
93.032802 0.732049 -25.556612 2.700000
93.007921 0.734654 -25.647877 2.710000
92.983047 0.737257 -25.739118 2.720000
92.958180 0.739860 -25.830334 2.730000
92.933320 0.742462 -25.921526 2.740000
92.908466 0.745064 -26.012694 2.750000
92.883618 0.747664 -26.103837 2.760000
92.858778 0.750264 -26.194956 2.770000
92.833944 0.752864 -26.286050 2.780000
92.809116 0.755462 -26.377120 2.790000
92.784296 0.758060 -26.468166 2.800000
92.759481 0.760658 -26.559187 2.810000
92.734674 0.763254 -26.650184 2.820000
92.709873 0.765850 -26.741157 2.830000
92.685079 0.768445 -26.832105 2.840000
92.660291 0.771040 -26.923030 2.850000
92.635510 0.773634 -27.013929 2.860000
92.610736 0.776227 -27.104805 2.870000
92.585969 0.778819 -27.195656 2.880000
92.561207 0.781411 -27.286483 2.890000
92.537853 0.770502 -27.377285 2.900000
92.514505 0.759596 -27.468063 2.910000
92.491163 0.748693 -27.558817 2.920000
92.467827 0.737792 -27.649547 2.930000
92.444498 0.726895 -27.740253 2.940000
92.421175 0.716001 -27.830934 2.950000
92.397858 0.705109 -27.921591 2.960000
92.374547 0.694221 -28.012223 2.970000
92.351242 0.683335 -28.102832 2.980000
92.327944 0.672452 -28.193416 2.990000
92.304652 0.661572 -28.283976 3.000000
92.281366 0.650695 -28.374512 3.010000
92.258087 0.639821 -28.465023 3.020000
92.234813 0.628950 -28.555511 3.030000
92.211546 0.618082 -28.645974 3.040000
92.188285 0.607217 -28.736413 3.050000
92.165030 0.596354 -28.826828 3.060000
92.141782 0.585495 -28.917218 3.070000
92.118540 0.574638 -29.007585 3.080000
92.095304 0.563785 -29.097927 3.090000
92.072074 0.552934 -29.188245 3.100000
92.048850 0.542086 -29.278539 3.110000
92.025633 0.531241 -29.368809 3.120000
92.002422 0.520399 -29.459054 3.130000
91.979217 0.509560 -29.549276 3.140000
91.956018 0.498723 -29.639473 3.150000
91.932825 0.487890 -29.729647 3.160000
91.909639 0.477060 -29.819796 3.170000
91.886459 0.466232 -29.909921 3.180000
91.863285 0.455407 -30.000022 3.190000
91.840117 0.444586 -30.090099 3.200000
91.816955 0.433767 -30.180151 3.210000
91.793800 0.422951 -30.270180 3.220000
91.770651 0.412138 -30.360185 3.230000
91.747508 0.401327 -30.450165 3.240000
91.724371 0.390520 -30.540122 3.250000
91.701240 0.379716 -30.630054 3.260000
91.678116 0.368914 -30.719962 3.270000
91.654998 0.358115 -30.809847 3.280000
91.631886 0.347320 -30.899707 3.290000
91.608780 0.336527 -30.989543 3.300000
91.585680 0.325737 -31.079355 3.310000
91.562587 0.314950 -31.169143 3.320000
91.539499 0.304165 -31.258908 3.330000
91.516418 0.293384 -31.348648 3.340000
91.493343 0.282606 -31.438364 3.350000
91.470274 0.271830 -31.528056 3.360000
91.447211 0.261057 -31.617724 3.370000
91.424155 0.250287 -31.707369 3.380000
91.401105 0.239520 -31.796989 3.390000
91.378060 0.228756 -31.886585 3.400000
91.355022 0.217995 -31.976157 3.410000
91.331991 0.207237 -32.065706 3.420000
91.308965 0.196482 -32.155230 3.430000
91.285945 0.185729 -32.244731 3.440000
91.262932 0.174979 -32.334207 3.450000
91.239925 0.164233 -32.423660 3.460000
91.216924 0.153489 -32.513088 3.470000
91.193929 0.142748 -32.602493 3.480000
91.170940 0.132009 -32.691874 3.490000
91.147957 0.121274 -32.781231 3.500000
91.124981 0.110542 -32.870564 3.510000
91.102011 0.099812 -32.959873 3.520000
91.079046 0.089085 -33.049158 3.530000
91.056088 0.078362 -33.138420 3.540000
91.033136 0.067641 -33.227657 3.550000
91.010191 0.056923 -33.316871 3.560000
90.987251 0.046207 -33.406061 3.570000
90.964318 0.035495 -33.495227 3.580000
90.941390 0.024785 -33.584369 3.590000
90.918469 0.014079 -33.673487 3.600000
90.895554 0.003375 -33.762581 3.610000
90.872645 -0.007326 -33.851652 3.620000
90.849742 -0.018024 -33.940699 3.630000
90.826845 -0.028719 -34.029722 3.640000
90.803955 -0.039411 -34.118721 3.650000
90.781070 -0.050101 -34.207696 3.660000
90.758192 -0.060787 -34.296648 3.670000
90.735320 -0.071471 -34.385575 3.680000
90.712454 -0.082152 -34.474479 3.690000
90.689594 -0.092830 -34.563360 3.700000
90.666740 -0.103505 -34.652216 3.710000
90.643892 -0.114178 -34.741049 3.720000
90.621050 -0.124847 -34.829858 3.730000
90.598215 -0.135514 -34.918643 3.740000
90.575385 -0.146177 -35.007404 3.750000
90.552562 -0.156838 -35.096142 3.760000
90.529745 -0.167496 -35.184856 3.770000
90.506934 -0.178152 -35.273546 3.780000
90.484129 -0.188804 -35.362212 3.790000
90.461330 -0.199453 -35.450855 3.800000
90.438537 -0.210100 -35.539474 3.810000
90.415750 -0.220744 -35.628070 3.820000
90.392969 -0.231385 -35.716641 3.830000
90.370195 -0.242023 -35.805189 3.840000
90.347426 -0.252658 -35.893714 3.850000
90.324664 -0.263291 -35.982214 3.860000
90.301908 -0.273920 -36.070691 3.870000
90.279157 -0.284547 -36.159145 3.880000
90.256413 -0.295171 -36.247574 3.890000
90.233675 -0.305792 -36.335980 3.900000
90.210943 -0.316410 -36.424363 3.910000
90.188217 -0.327026 -36.512721 3.920000
90.165498 -0.337638 -36.601056 3.930000
90.142784 -0.348248 -36.689368 3.940000
90.120076 -0.358855 -36.777656 3.950000
90.097375 -0.369459 -36.865920 3.960000
90.074679 -0.380060 -36.954161 3.970000
90.051990 -0.390658 -37.042378 3.980000
90.029306 -0.401254 -37.130571 3.990000
90.006629 -0.411847 -37.218741 4.000000
89.983958 -0.422436 -37.306887 4.010000
89.961293 -0.433023 -37.395010 4.020000
89.938634 -0.443608 -37.483109 4.030000
89.915981 -0.454189 -37.571185 4.040000
89.893334 -0.464767 -37.659237 4.050000
89.870693 -0.475343 -37.747265 4.060000
89.848058 -0.485916 -37.835270 4.070000
89.825429 -0.496486 -37.923251 4.080000
89.802806 -0.507053 -38.011209 4.090000
89.780189 -0.517618 -38.099144 4.100000
89.757579 -0.528179 -38.187054 4.110000
89.734974 -0.538738 -38.274942 4.120000
89.712375 -0.549294 -38.362806 4.130000
89.689783 -0.559847 -38.450646 4.140000
89.667196 -0.570397 -38.538463 4.150000
89.644616 -0.580945 -38.626256 4.160000
89.622042 -0.591489 -38.714026 4.170000
89.599473 -0.602031 -38.801772 4.180000
89.576911 -0.612570 -38.889495 4.190000
89.554355 -0.623106 -38.977195 4.200000
89.531804 -0.633640 -39.064871 4.210000
89.509260 -0.644170 -39.152523 4.220000
89.486722 -0.654698 -39.240152 4.230000
89.464190 -0.665223 -39.327758 4.240000
89.441663 -0.675745 -39.415340 4.250000
89.419143 -0.686264 -39.502899 4.260000
89.396629 -0.696781 -39.590434 4.270000
89.374121 -0.707294 -39.677946 4.280000
89.351619 -0.717805 -39.765435 4.290000
89.329123 -0.728313 -39.852900 4.300000
89.306633 -0.738819 -39.940342 4.310000
89.284149 -0.749321 -40.027760 4.320000
89.261671 -0.759821 -40.115155 4.330000
89.239199 -0.770317 -40.202527 4.340000
89.216733 -0.780811 -40.289875 4.350000
89.194273 -0.791303 -40.377200 4.360000
89.171819 -0.801791 -40.464502 4.370000
89.149371 -0.812276 -40.551780 4.380000
89.126929 -0.822759 -40.639035 4.390000
89.104493 -0.833239 -40.726267 4.400000
89.082063 -0.843716 -40.813475 4.410000
89.059639 -0.854191 -40.900660 4.420000
89.037221 -0.864662 -40.987821 4.430000
89.014809 -0.875131 -41.074960 4.440000
88.992403 -0.885597 -41.162075 4.450000
88.970003 -0.896060 -41.249166 4.460000
88.947609 -0.906520 -41.336235 4.470000
88.925221 -0.916978 -41.423280 4.480000
88.902839 -0.927433 -41.510302 4.490000
88.880463 -0.937885 -41.597300 4.500000
88.858093 -0.948334 -41.684275 4.510000
88.835729 -0.958780 -41.771227 4.520000
88.813371 -0.969224 -41.858156 4.530000
88.791019 -0.979665 -41.945062 4.540000
88.768672 -0.990103 -42.031944 4.550000
88.746332 -1.000538 -42.118803 4.560000
88.723998 -1.010970 -42.205639 4.570000
88.701670 -1.021400 -42.292451 4.580000
88.679348 -1.031827 -42.379241 4.590000
88.657031 -1.042251 -42.466007 4.600000
88.634721 -1.052672 -42.552750 4.610000
88.612417 -1.063091 -42.639470 4.620000
88.590118 -1.073506 -42.726166 4.630000
88.567826 -1.083919 -42.812840 4.640000
88.545540 -1.094329 -42.899490 4.650000
88.523259 -1.104737 -42.986117 4.660000
88.500985 -1.115141 -43.072721 4.670000
88.478716 -1.125543 -43.159301 4.680000
88.456453 -1.135942 -43.245859 4.690000
88.434197 -1.146338 -43.332393 4.700000
88.411946 -1.156732 -43.418905 4.710000
88.389701 -1.167122 -43.505393 4.720000
88.367462 -1.177510 -43.591858 4.730000
88.345230 -1.187895 -43.678300 4.740000
88.323003 -1.198277 -43.764718 4.750000
88.300782 -1.208657 -43.851114 4.760000
88.278567 -1.219034 -43.937486 4.770000
88.256358 -1.229408 -44.023836 4.780000
88.234154 -1.239779 -44.110162 4.790000
88.211957 -1.250147 -44.196465 4.800000
88.189766 -1.260513 -44.282746 4.810000
88.167581 -1.270876 -44.369003 4.820000
88.145401 -1.281236 -44.455237 4.830000
88.123228 -1.291593 -44.541448 4.840000
88.101060 -1.301948 -44.627636 4.850000
88.078899 -1.312300 -44.713800 4.860000
88.056743 -1.322649 -44.799942 4.870000
88.034593 -1.332995 -44.886061 4.880000
88.012449 -1.343339 -44.972157 4.890000
87.990311 -1.353679 -45.058230 4.900000
87.968179 -1.364017 -45.144279 4.910000
87.946053 -1.374353 -45.230306 4.920000
87.923933 -1.384685 -45.316310 4.930000
87.901819 -1.395015 -45.402290 4.940000
87.879711 -1.405342 -45.488248 4.950000
87.857608 -1.415666 -45.574183 4.960000
87.835512 -1.425987 -45.660094 4.970000
87.813421 -1.436306 -45.745983 4.980000
87.791336 -1.446622 -45.831849 4.990000
87.769258 -1.456935 -45.917692 5.000000
87.747185 -1.467245 -46.003511 5.010000
87.725118 -1.477553 -46.089308 5.020000
87.703057 -1.487858 -46.175082 5.030000
87.681002 -1.498160 -46.260833 5.040000
87.658952 -1.508459 -46.346561 5.050000
87.636909 -1.518756 -46.432267 5.060000
87.614871 -1.529049 -46.517949 5.070000
87.592840 -1.539340 -46.603608 5.080000
87.570814 -1.549629 -46.689244 5.090000
87.548794 -1.559914 -46.774858 5.100000
87.526780 -1.570197 -46.860449 5.110000
87.504772 -1.580477 -46.946016 5.120000
87.482770 -1.590755 -47.031561 5.130000
87.460774 -1.601029 -47.117083 5.140000
87.438784 -1.611301 -47.202582 5.150000
87.416799 -1.621570 -47.288058 5.160000
87.394820 -1.631836 -47.373512 5.170000
87.372848 -1.642100 -47.458942 5.180000
87.350881 -1.652361 -47.544350 5.190000
87.328920 -1.662619 -47.629735 5.200000
87.306965 -1.672874 -47.715097 5.210000
87.285016 -1.683127 -47.800436 5.220000
87.263072 -1.693377 -47.885752 5.230000
87.241135 -1.703624 -47.971046 5.240000
87.219203 -1.713868 -48.056316 5.250000
87.197277 -1.724110 -48.141564 5.260000
87.175357 -1.734349 -48.226789 5.270000
87.153443 -1.744585 -48.311992 5.280000
87.131535 -1.754818 -48.397171 5.290000
87.109633 -1.765049 -48.482328 5.300000
87.087736 -1.775277 -48.567462 5.310000
87.065846 -1.785502 -48.652573 5.320000
87.043961 -1.795725 -48.737661 5.330000
87.022082 -1.805945 -48.822727 5.340000
87.000209 -1.816162 -48.907770 5.350000
86.978342 -1.826376 -48.992790 5.360000
86.956480 -1.836587 -49.077788 5.370000
86.934625 -1.846796 -49.162762 5.380000
86.912775 -1.857002 -49.247714 5.390000
86.890931 -1.867206 -49.332644 5.400000
86.869093 -1.877406 -49.417550 5.410000
86.847261 -1.887604 -49.502434 5.420000
86.825435 -1.897799 -49.587295 5.430000
86.803615 -1.907992 -49.672134 5.440000
86.781800 -1.918182 -49.756949 5.450000
86.759991 -1.928369 -49.841742 5.460000
86.738188 -1.938553 -49.926513 5.470000
86.714991 -1.938034 -50.011261 5.480000
